MEMORY
  total           15428 KB
  struct            158 KB
  buffer            934 KB
  arena           14336 KB, used 0.7%

SIZES
  narena                14680064
  nbuffer               955904
  nplugin               0
  maxuse_stack          30988
  maxuse_arena          96388
  maxuse_con            26
  maxuse_efc            112
  ncon                  8
  ne                    12
  nf                    0
  nl                    2
  nefc                  37
  nJ                    740
  efm_active            0
  nefmK                 0
  nefmcon               0
  nefmT                 0
  nefmA                 0
  nefmdof               0
  nefmL                 0
  nY                    0
  nA                    0
  nisland               1
  nidof                 20
  ntree_awake           1
  nbody_awake           16
  nparent_awake         15
  nv_awake              20
  flg_energypos         0
  flg_energyvel         0
  flg_subtreevel        0
  flg_rnepost           1
  threadpool            0

WARNING
    5:  lastinfo = 9   number = 1

TIMER
    0:  duration =  5.5e+02    number = 11676
    1:  duration =  5.4e+02    number = 11676
    2:  duration =  0          number = 0
    3:  duration =  3e+02      number = 11676
    4:  duration =  39         number = 11676
    5:  duration =  8.2        number = 11676
    6:  duration =  1.6e+02    number = 11676
    7:  duration =  5.4        number = 11676
    8:  duration =  49         number = 11676
    9:  duration =  17         number = 11676
    10:  duration =  1.7e+02    number = 11676
    11:  duration =  57         number = 11676
    12:  duration =  0.46       number = 11676
    13:  duration =  37         number = 11676
    14:  duration =  1.3e+02    number = 11676

SOLVER STAT
  solver_fwdinv =   0         0       
  ISLAND 0
    solver_niter = 3
    solver_nnz = 400
      0:  improvement =  1.5e+02     gradient =  2.6         lineslope =  1.2e-16 
          nactive = 27   nchange = 1   neval = 4   nupdate = 1
      1:  improvement =  55          gradient =  1.3         lineslope =  3e-17   
          nactive = 37   nchange = 10   neval = 3   nupdate = 10
      2:  improvement =  5           gradient =  1.2e-14     lineslope =  0       
          nactive = 37   nchange = 0   neval = 2   nupdate = 0

ENERGY =   0         0       

TIME =  12      

QPOS
  -4.1     
  -2.5     
   0.062   
   0.29    
   0.053   
  -0.017   
   0.95    
   19      
   0.64    
  -8e+03   
  -16      
  -0.63    
   1.5e+04 
   7.1     
   5.7     
   0.53    
   5.7     
  -17      
   0.6     
  -0.52    
   0.6     

QVEL
  -0.0067  
  -0.0085  
  -0.0011  
  -0.012   
   0.014   
  -0.024   
   0.0029  
   0.0017  
   0.083   
  -1.3     
   1.2     
   1.3e+03 
   0.0091  
  -0.0062  
   0.0043  
  -0.0028  
   0.27    
  -1.4     
   1.2     
  -1.3     

QACC_WARMSTART
   2.2     
  -0.72    
   0.085   
   0.76    
  -0.49    
   5.6     
  -6.9     
   0.25    
   32      
  -5.3e+02 
  -1.9e+02 
   7.2e+02 
  -0.53    
  -5.3     
   5.1     
  -2.5     
  -5.3e+02 
  -9.5     
  -10      
   1.2e+02 

CTRL
   1.7     
  -0.049   
   0       
  -1.9     
  -0.064   
   0       
   0       
   0       
   1.5e+02 
   1.5e+02 

QFRC_APPLIED
   0       
   0       
   0       
   0       
   0       
   0       
   0       
   0       
   0       
   0       
   0       
   0       
   0       
   0       
   0       
   0       
   0       
   0       
   0       
   0       

XFRC_APPLIED
   0         0         0         0         0         0       
   0         0         0         0         0         0       
   0         0         0         0         0         0       
   0         0         0         0         0         0       
   0         0         0         0         0         0       
   0         0         0         0         0         0       
   0         0         0         0         0         0       
   0         0         0         0         0         0       
   0         0         0         0         0         0       
   0         0         0         0         0         0       
   0         0         0         0         0         0       
   0         0         0         0         0         0       
   0         0         0         0         0         0       
   0         0         0         0         0         0       
   0         0         0         0         0         0       
   0         0         0         0         0         0       

EQ_ACTIVE             1 1 1 1

QACC
   2.2     
  -0.72    
   0.085   
   0.76    
  -0.49    
   5.6     
  -6.9     
   0.25    
   32      
  -5.3e+02 
  -1.9e+02 
   7.2e+02 
  -0.53    
  -5.3     
   5.1     
  -2.5     
  -5.3e+02 
  -9.5     
  -10      
   1.2e+02 

SENSOR
  -0.75    
   0.21    
   0.6     
   0.18    
  -0.013   
   0.014   
  -0.029   
  -1.1     
  -0.64    
   10      
  -16      
  -0.63    
   1.5e+04 
   19      
   0.64    
  -8e+03   
  -0.76    
   1.4     
   1.3e+03 
   0.0097  
   0.0015  
   0.05    

TREE_ASLEEP
  -11

XPOS
   0         0         0       
  -4.1      -2.5       0.062   
  -3.9      -2.4       0.15    
  -4.1      -2.3       0.19    
  -4.2      -2.2       0.06    
  -4.2      -2.7       0.15    
  -4        -2.8       0.029   
  -3.9      -2.9       0.068   
  -3.9      -2.4       0.15    
  -4        -2.4       0.081   
  -4.1      -2.3       0.098   
  -4        -2.4       0.2     
  -4.2      -2.7       0.15    
  -4.1      -2.8       0.18    
  -4        -2.8       0.11    
  -4.2      -2.7       0.089   

XQUAT
   1         0         0         0       
   0.29      0.053    -0.017     0.95    
  -0.12     -0.29     -0.64     -0.7     
   0.1      -0.48     -0.52     -0.7     
   0.65     -0.38      0.59      0.28    
   0.55      0.71      0.054    -0.44    
   0.39      0.65      0.27     -0.59    
   0.23     -0.18     -0.68      0.67    
   0.12     -0.49     -0.51     -0.7     
   0.096     0.32      0.63      0.7     
  -0.089     0.47      0.53      0.7     
  -0.12     -0.29     -0.64     -0.7     
   0.37      0.65      0.29     -0.6     
   0.53      0.7       0.083    -0.46    
   0.4       0.66      0.26     -0.59    
   0.55      0.71      0.054    -0.44    

XMAT
   1         0         0         0         1         0         0         0         1       
  -0.82     -0.56      0.091     0.56     -0.83     -0.063     0.11     -0.00081   0.99    
  -0.8       0.2       0.56      0.55     -0.14      0.83      0.24      0.97      0.0008  
  -0.52      0.64      0.56      0.36     -0.44      0.83      0.77      0.63      0.0008  
   0.14     -0.81      0.56     -0.095     0.56      0.83     -0.99     -0.17      0.0008  
   0.6       0.56     -0.56     -0.41     -0.39     -0.83     -0.68      0.73     -0.00081 
   0.15      0.81     -0.56     -0.1      -0.55     -0.83     -0.98      0.19     -0.00081 
  -0.82     -0.063    -0.56      0.56      0.044    -0.83      0.077    -1        -0.00081 
  -0.49      0.66      0.56      0.33     -0.45      0.83      0.81      0.59      0.0008  
  -0.78      0.27      0.56      0.53     -0.18      0.83      0.32      0.95      0.0008  
  -0.54      0.62      0.56      0.37     -0.43      0.83      0.75      0.66      0.0008  
  -0.8       0.2       0.56      0.55     -0.14      0.83      0.24      0.97      0.0008  
   0.11      0.82     -0.56     -0.076    -0.56     -0.83     -0.99      0.14     -0.00081 
   0.56      0.61     -0.56     -0.38     -0.42     -0.83     -0.74      0.67     -0.00081 
   0.18      0.81     -0.56     -0.12     -0.55     -0.83     -0.98      0.22     -0.00081 
   0.6       0.56     -0.56     -0.41     -0.39     -0.83     -0.68      0.73     -0.00081 

XIPOS
   0         0         0       
  -4        -2.6       0.16    
  -4        -2.4       0.15    
  -4.1      -2.3       0.14    
  -4.2      -2.2       0.06    
  -4.1      -2.7       0.12    
  -4        -2.8       0.045   
  -3.9      -2.9       0.068   
  -4        -2.4       0.12    
  -4        -2.3       0.085   
  -4        -2.3       0.15    
  -4        -2.4       0.21    
  -4.2      -2.7       0.15    
  -4        -2.8       0.15    
  -4.1      -2.8       0.095   
  -4.1      -2.7       0.061   

XIMAT
   1         0         0         0         1         0         0         0         1       
   0.22      0.52     -0.82     -0.027     0.85      0.53      0.97     -0.097     0.2     
   0.61     -0.22     -0.76      0.79      0.24      0.56      0.057    -0.94      0.32    
   0.59      0.47     -0.66      0.81     -0.36      0.47     -0.013    -0.81     -0.59    
   0.56      0.81      0.14      0.83     -0.56     -0.095     0.0008    0.17     -0.99    
  -0.62     -0.57      0.53     -0.78      0.48     -0.41     -0.024    -0.67     -0.74    
  -0.58     -0.096    -0.81     -0.82      0.097     0.57      0.024     0.99     -0.13    
  -0.56      0.063    -0.82     -0.83     -0.044     0.56     -0.00081   1         0.077   
   0.57      0.6      -0.57      0.82     -0.41      0.39      0.0046   -0.69     -0.72    
   0.57     -0.11     -0.82      0.82      0.1       0.56      0.019    -0.99      0.15    
   0.56      0.48     -0.67      0.83     -0.33      0.46      0.0008   -0.81     -0.58    
   0.56     -0.2      -0.8       0.83      0.14      0.55      0.0008   -0.97      0.24    
  -0.58     -0.78      0.25     -0.82      0.55     -0.17     -0.0067   -0.3      -0.95    
  -0.57     -0.5       0.65     -0.82      0.36     -0.44     -0.016    -0.79     -0.62    
  -0.56     -0.1      -0.82     -0.83      0.069     0.56     -0.00081   0.99     -0.12    
  -0.56     -0.56      0.6      -0.83      0.39     -0.41     -0.00081  -0.73     -0.68    

XANCHOR
  -4.1      -2.5       0.062   
  -3.9      -2.4       0.15    
  -4.1      -2.3       0.19    
  -4.2      -2.2       0.06    
  -4.2      -2.7       0.15    
  -4        -2.8       0.029   
  -3.9      -2.9       0.068   
  -3.9      -2.4       0.15    
  -4        -2.4       0.081   
  -4.1      -2.3       0.098   
  -4        -2.4       0.2     
  -4.2      -2.7       0.15    
  -4.1      -2.8       0.18    
  -4        -2.8       0.11    
  -4.2      -2.7       0.089   

XAXIS
   0         0         1       
   0.56      0.83      0.0008  
   0.56      0.83      0.0008  
   0.56      0.83      0.0008  
  -0.56     -0.83     -0.00081 
  -0.56     -0.83     -0.00081 
  -0.56     -0.83     -0.00081 
   0.56      0.83      0.0008  
   0.56      0.83      0.0008  
   0.56      0.83      0.0008  
   0.56      0.83      0.0008  
  -0.56     -0.83     -0.00081 
  -0.56     -0.83     -0.00081 
  -0.56     -0.83     -0.00081 
  -0.56     -0.83     -0.00081 

GEOM_XPOS
   0         0         0       
  -10        0         0.1     
  -5.4       0         0.28    
  -5.2       0         0.22    
   7.5       0         0.08    
  -4        -2.6       0.17    
  -4        -2.4       0.17    
  -4.1      -2.3       0.13    
  -4.2      -2.2       0.06    
  -4.1      -2.7       0.1     
  -4        -2.8       0.048   
  -3.9      -2.9       0.068   
  -4        -2.4       0.13    
  -4        -2.3       0.087   
  -4        -2.3       0.15    
  -4        -2.4       0.21    
  -4.1      -2.7       0.16    
  -4        -2.8       0.14    
  -4.1      -2.8       0.095   
  -4.1      -2.7       0.061   

GEOM_XMAT
   1         0         0         0         1         0         0         0         1       
   1         0         0         0         1         0         0         0         1       
   0.96      0         0.29      0         1         0        -0.29      0         0.96    
   0.96      0         0.29      0         1         0        -0.29      0         0.96    
   1         0         0         0         1         0         0         0         1       
  -0.56      0.18     -0.81     -0.83     -0.2       0.52     -0.062     0.96      0.26    
   0.62     -0.21     -0.76      0.79      0.14      0.6      -0.019    -0.97      0.25    
   0.59      0.47     -0.65      0.8      -0.37      0.46     -0.027    -0.8      -0.6     
   0.57      0.82      0.11      0.82     -0.56     -0.076     0.0016    0.14     -0.99    
  -0.6      -0.57      0.56     -0.8       0.39     -0.46      0.045    -0.73     -0.68    
  -0.58     -0.091    -0.81     -0.81      0.12      0.57      0.042     0.99     -0.14    
  -0.56      0.034    -0.82     -0.83     -0.029     0.56     -0.0052    1         0.044   
   0.57      0.6      -0.57      0.82     -0.41      0.39      0.004    -0.69     -0.72    
   0.56     -0.13     -0.82      0.83      0.085     0.56     -0.0012   -0.99      0.15    
   0.56      0.48     -0.67      0.83     -0.33      0.46      0.0008   -0.81     -0.58    
   0.56     -0.2      -0.8       0.83      0.14      0.55      0.0008   -0.97      0.24    
  -0.57     -0.25     -0.78     -0.82      0.17      0.54     -0.0022    0.95     -0.31    
  -0.56     -0.51      0.65     -0.83      0.35     -0.44      0.00082  -0.79     -0.61    
  -0.56     -0.1      -0.82     -0.83      0.069     0.56     -0.00081   0.99     -0.12    
  -0.56     -0.56      0.6      -0.83      0.39     -0.41     -0.00081  -0.73     -0.68    

SITE_XPOS
  -4.1      -2.5       0.062   
  -4        -2.3       0.17    
  -4        -2.4       0.11    
  -4        -2.3       0.22    
  -4.1      -2.3       0.17    
  -4.1      -2.7       0.084   
  -4.1      -2.7       0.17    
  -4.1      -2.7       0.034   
  -4        -2.8       0.033   
  -4        -2.3       0.17    
  -4        -2.3       0.22    
  -4.1      -2.8       0.084   
  -4.1      -2.8       0.034   

SITE_XMAT
  -0.82     -0.56      0.091     0.56     -0.83     -0.063     0.11     -0.00081   0.99    
  -0.8       0.2       0.56      0.55     -0.14      0.83      0.24      0.97      0.0008  
  -0.8       0.2       0.56      0.55     -0.14      0.83      0.24      0.97      0.0008  
  -0.52      0.64      0.56      0.36     -0.44      0.83      0.77      0.63      0.0008  
  -0.52      0.64      0.56      0.36     -0.44      0.83      0.77      0.63      0.0008  
   0.6       0.56     -0.56     -0.41     -0.39     -0.83     -0.68      0.73     -0.00081 
   0.6       0.56     -0.56     -0.41     -0.39     -0.83     -0.68      0.73     -0.00081 
   0.15      0.81     -0.56     -0.1      -0.55     -0.83     -0.98      0.19     -0.00081 
   0.15      0.81     -0.56     -0.1      -0.55     -0.83     -0.98      0.19     -0.00081 
  -0.54      0.62      0.56      0.37     -0.43      0.83      0.75      0.66      0.0008  
  -0.8       0.2       0.56      0.55     -0.14      0.83      0.24      0.97      0.0008  
   0.18      0.81     -0.56     -0.12     -0.55     -0.83     -0.98      0.22     -0.00081 
   0.6       0.56     -0.56     -0.41     -0.39     -0.83     -0.68      0.73     -0.00081 

CAM_XPOS
  -4        -2.6       0.51    

CAM_XMAT
  -0.56      0.091    -0.82     -0.83     -0.063     0.56     -0.00081   0.99      0.11    

SUBTREE_COM
  -4        -2.6       0.15    
  -4        -2.6       0.15    
  -4.1      -2.3       0.12    
  -4.2      -2.2       0.092   
  -4.2      -2.2       0.06    
  -4        -2.8       0.096   
  -3.9      -2.9       0.059   
  -3.9      -2.9       0.068   
  -4        -2.3       0.13    
  -4        -2.3       0.13    
  -4        -2.3       0.16    
  -4        -2.4       0.21    
  -4.1      -2.7       0.12    
  -4.1      -2.8       0.11    
  -4.1      -2.8       0.091   
  -4.1      -2.7       0.061   

CDOF
   0         0         0         1         0         0       
   0         0         0         0         1         0       
   0         0         0         0         0         1       
  -0.82      0.56      0.11      0.049     0.071     0.00072 
  -0.56     -0.83     -0.00081  -0.071     0.048     0.013   
   0.091    -0.063     0.99      0.0023    0.0022   -7.1e-05 
   0.56      0.83      0.0008   -0.0009    0.00061  -0.003   
   0.56      0.83      0.0008   -0.036     0.025    -0.17    
   0.56      0.83      0.0008    0.073    -0.05     -0.33    
  -0.56     -0.83     -0.00081   0.0009   -0.00061   0.003   
  -0.56     -0.83     -0.00081  -0.098     0.067    -0.12    
  -0.56     -0.83     -0.00081  -0.066     0.045    -0.33    
   0.56      0.83      0.0008   -0.0009    0.00061  -0.003   
   0.56      0.83      0.0008    0.055    -0.038    -0.068   
   0.56      0.83      0.0008    0.041    -0.028    -0.18    
   0.56      0.83      0.0008   -0.041     0.028    -0.037   
  -0.56     -0.83     -0.00081   0.0009   -0.00061   0.003   
  -0.56     -0.83     -0.00081   0.025    -0.017    -0.087   
  -0.56     -0.83     -0.00081  -0.032     0.022    -0.18    
  -0.56     -0.83     -0.00081  -0.049     0.033    -0.0031  

CINERT
   0         0         0         0         0         0         0         0         0         0       
   0.31      0.33      0.37      0.03      0.016    -0.0078    0.024    -0.02      0.15      15      
   0.041     0.0078    0.044    -0.0084    0.00079  -0.00011   0.057     0.2      -0.0016    1.1     
   0.027     0.0038    0.029     0.0075   -0.001     0.00098  -0.023     0.089    -0.0011    0.31    
   0.072     0.015     0.079     0.027    -0.0064    0.016    -0.073     0.18     -0.043     0.49    
   0.039     0.01      0.041    -0.01     -0.00059  -0.0056   -0.067    -0.19     -0.028     1.1     
   0.026     0.0058    0.026     0.0053    0.0013   -0.0083    0.016    -0.083    -0.031     0.31    
   0.07      0.014     0.078     0.027     0.0057   -0.014     0.072    -0.18     -0.039     0.49    
   0.002     0.00053   0.0023   -0.00083   0.00012   0.00035   0.0048    0.01     -0.0018    0.058   
   0.0023    0.00022   0.0022    1.6e-05   1.4e-05   0.00059   8.3e-05   0.0095   -0.0027    0.043   
   0.0033    0.0002    0.0034   -0.00023  -8.3e-05  -3.3e-06   0.0013    0.015     0.00026   0.066   
   0.00046   6.5e-05   0.00044  -8.3e-05  -2.5e-05  -0.00013   0.00045   0.0021    0.00066   0.011   
   0.0011    0.0014    0.0023   -0.0011    4e-05     8e-06    -0.0086   -0.0077    0.00015   0.058   
   0.0023    6.6e-05   0.0023    9.9e-05   3e-05    -4.2e-05   0.00034  -0.0097   -9.9e-05   0.043   
   0.0031    0.00041   0.0031   -0.00041  -0.00015  -0.0007   -0.0024   -0.014    -0.0034    0.066   
   0.0004    0.00015   0.00038  -0.00014  -6.8e-05  -0.00016  -0.00083  -0.0018   -0.00095   0.011   

TEN_LENGTH
   0.19    
   0.19    

TEN_J: tendon moments
----------------------
 xxxxxx   xx          |
 xxxxxxxx             |
----------------------

TEN_J_ROWNNZ
  8
  8

TEN_J_ROWADR
  0
  8

TEN_J
     0:  0          1:  0          2:  0          3:  8.2e-18    4:  0          5:  1.7e-18    9:  1.4e-17   10: -0.036   
     0:  0          1:  0          2:  0          3:  9.8e-18    4: -6.9e-18    5:  5e-18      6: -6.9e-18    7:  0.036   

TENDON 0: 2 wrap points
    -1:   -4        -2.8       0.033   
    -1:   -4.1      -2.7       0.17    

TENDON 1: 2 wrap points
    -1:   -4.1      -2.3       0.17    
    -1:   -4        -2.4       0.11    

ACTUATOR_LENGTH
  -16      
  -0.63    
   1.5e+04 
   19      
   0.64    
  -8e+03   
  -17      
   7.1     
   0.19    
   0.19    

actuator_moment
----------------------
          x           |
           x          |
            x         |
       x              |
        x             |
         x            |
                 x    |
             x        |
 xxxxxx   xx          |
 xxxxxxxx             |
----------------------

ACTUATOR_MOMENT
     9:  1       
    10:  1       
    11:  1       
     6:  1       
     7:  1       
     8:  1       
    16:  1       
    12:  1       
     0:  0          1:  0          2:  0          3:  8.2e-18    4:  0          5:  1.7e-18    9:  1.4e-17   10: -0.036   
     0:  0          1:  0          2:  0          3:  9.8e-18    4: -6.9e-18    5:  5e-18      6: -6.9e-18    7:  0.036   

CRB
   0         0         0         0         0         0         0         0         0         0       
   0.6       0.39      0.68      0.076     0.015    -0.019     6.5e-15  -6.3e-15   3.1e-16   19      
   0.14      0.027     0.15      0.026    -0.0067    0.017    -0.04      0.47     -0.046     1.9     
   0.099     0.019     0.11      0.035    -0.0074    0.017    -0.096     0.27     -0.044     0.8     
   0.072     0.015     0.079     0.027    -0.0064    0.016    -0.073     0.18     -0.043     0.49    
   0.14      0.03      0.14      0.022     0.0065   -0.028     0.021    -0.46     -0.098     1.9     
   0.097     0.02      0.1       0.032     0.0071   -0.023     0.087    -0.26     -0.071     0.8     
   0.07      0.014     0.078     0.027     0.0057   -0.014     0.072    -0.18     -0.039     0.49    
   0.0081    0.001     0.0083   -0.0011    2.1e-05   0.0008    0.0066    0.037    -0.0036    0.18    
   0.0061    0.00048   0.006    -0.0003   -9.4e-05   0.00045   0.0019    0.026    -0.0018    0.12    
   0.0038    0.00026   0.0038   -0.00031  -0.00011  -0.00013   0.0018    0.017     0.00091   0.077   
   0.00046   6.5e-05   0.00044  -8.3e-05  -2.5e-05  -0.00013   0.00045   0.0021    0.00066   0.011   
   0.0069    0.002     0.0081   -0.0016   -0.00014  -0.0009   -0.012    -0.033    -0.0043    0.18    
   0.0058    0.00063   0.0058   -0.00044  -0.00018  -0.00091  -0.0029   -0.025    -0.0045    0.12    
   0.0035    0.00057   0.0035   -0.00054  -0.00021  -0.00086  -0.0032   -0.016    -0.0044    0.077   
   0.0004    0.00015   0.00038  -0.00014  -6.8e-05  -0.00016  -0.00083  -0.0018   -0.00095   0.011   

M
     0:  19      
     0:  0          1:  19      
     0:  0          1:  0          2:  19      
     0:  0.91       1:  1.3        2:  0.014      3:  0.6     
     0: -1.3        1:  0.9        2:  0.24       3:  0.12       4:  0.67    
     0:  0.043      1:  0.041      2: -0.0013     3:  0.0062     4: -0.0076     5:  0.68    
     0: -0.04       1:  0.027      2:  0.29       3: -0.06       4: -0.079      5:  0.017      6:  0.086   
     0: -0.065      1:  0.045      2:  0.095      3: -0.019      4: -0.031      5:  0.019      6:  0.039      7:  0.026   
     0:  1.2e-05    1: -7.9e-06    2: -9.4e-05    3:  2e-05      4: -0.00055    5: -5.4e-06    6:  0.00055    7:  0.00056    8:  0.00058 
     0:  0.082      1: -0.057      2:  0.28       3:  0.06       4:  0.08       5:  0.014      9:  0.086   
     0: -0.02       1:  0.013      2:  0.12       3:  0.026      4:  0.042      5: -0.0081     9:  0.039     10:  0.026   
     0:  7.8e-05    1: -5.3e-05    2: -5.3e-06    3:  1.2e-06    4:  0.00058    5:  2.1e-05    9:  0.00059   10:  0.00058   11:  0.00058 
     0: -0.0031     1:  0.0021     2:  0.015      3: -0.0027     4: -0.0017     5:  0.001     12:  0.0021  
     0:  0.0052     1: -0.0035     2:  0.0051     3: -0.0011     4: -0.0014     5: -0.0011    12:  0.00095   13:  0.001   
     0:  0.0039     1: -0.0027     2: -0.0058     3:  0.001      4: -0.00019    5: -0.001     12: -0.00027   13:  0.00043   14:  0.00099 
     0:  8.8e-05    1: -6e-05      2:  0.00043    3: -8e-05      4: -5.3e-05    5: -1.1e-05   12:  4.8e-05   13:  2.7e-05   14: -2.2e-05   15:  2.8e-05 
     0:  0.0037     1: -0.0025     2:  0.0096     3:  0.0019     4:  0.0018     5:  0.00065   16:  0.0021  
     0:  0.0066     1: -0.0045     2:  0.0015     3:  0.00044    4:  0.00028    5:  0.0015    16:  0.00096   17:  0.0011  
     0:  0.0011     1: -0.00077    2: -0.0074     3: -0.0014     4: -0.00046    5:  0.00042   16: -0.00027   17:  0.00043   18:  0.00099 
     0:  0.00025    1: -0.00017    2:  0.00032    3:  6.5e-05    4:  2.5e-05    5:  4.8e-05   16:  4.8e-05   17:  2.8e-05   18: -2.1e-05   19:  2.8e-05 

QLD
     0:  13      
     0:  0.056      1:  13      
     0:  0.016      1: -0.024      2:  16      
     0:  1.7        1:  2.7        2:  0.11       3:  0.5     
     0: -2.7        1:  1.8        2:  0.53       3:  0.0091     4:  0.51    
     0:  0.024      1:  0.095      2: -0.11       3: -0.0063     4: -0.0018     5:  0.63    
     0:  2.1        1: -1.4        2:  5.4        3: -1.1        4: -1.2        5: -0.43       6:  0.028   
     0: -2.6        1:  1.8        2:  3.8        3: -0.74       4: -1.2        5:  0.77       6:  1.5        7:  0.025   
     0:  0.02       1: -0.013      2: -0.16       3:  0.035      4: -0.95       5: -0.0093     6:  0.94       7:  0.97       8:  0.00058 
     0:  4          1: -2.7        2:  3.5        3:  0.77       4:  0.62       5:  0.91       9:  0.028   
     0: -0.78       1:  0.53       2:  4.8        3:  1          4:  1.6        5: -0.32       9:  1.5       10:  0.025   
     0:  0.13       1: -0.092      2: -0.0091     3:  0.002      4:  1          5:  0.036      9:  1         10:  0.99      11:  0.00058 
     0: -8.6        1:  5.9        2:  5          3: -0.71       4: -0.044      5:  2.1       12:  0.00074 
     0:  4          1: -2.7        2:  8.9        3: -1.8        4: -1.6        5: -0.73      12:  1.2       13:  0.00081 
     0:  4.1        1: -2.8        2: -5.6        3:  0.97       4: -0.24       5: -1.1       12: -0.24      13:  0.46      14:  0.00098 
     0:  3.1        1: -2.2        2:  15         3: -2.9        4: -1.9        5: -0.38      12:  1.7       13:  0.97      14: -0.78      15:  2.8e-05 
     0: -5          1:  3.4        2:  2.5        3:  0.32       4:  1.6        5: -1.2       16:  0.00072 
     0:  7          1: -4.8        2:  5.4        3:  1.2        4:  0.56       5:  1.5       16:  1.2       17:  0.00082 
     0:  1.4        1: -0.92       2: -7.3        3: -1.4        4: -0.45       5:  0.46      16: -0.24      17:  0.47      18:  0.00098 
     0:  8.9        1: -6.1        2:  11         3:  2.3        4:  0.89       5:  1.7       16:  1.7       17:  0.99      18: -0.77      19:  2.8e-05 

QLDIAGINV
   0.079   
   0.078   
   0.062   
   2       
   2       
   1.6     
   36      
   40      
   1.7e+03 
   36      
   40      
   1.7e+03 
   1.4e+03 
   1.2e+03 
   1e+03   
   3.6e+04 
   1.4e+03 
   1.2e+03 
   1e+03   
   3.6e+04 

M: inertia structure
----------------------
 x                    |
 xx                   |
 xxx                  |
 xxxx                 |
 xxxxx                |
 xxxxxx               |
 xxxxxxx              |
 xxxxxxxx             |
 xxxxxxxxx            |
 xxxxxx   x           |
 xxxxxx   xx          |
 xxxxxx   xxx         |
 xxxxxx      x        |
 xxxxxx      xx       |
 xxxxxx      xxx      |
 xxxxxx      xxxx     |
 xxxxxx          x    |
 xxxxxx          xx   |
 xxxxxx          xxx  |
 xxxxxx          xxxx |
----------------------

iM: block-diagonal inertia (nnzs are island ids)
----------------------
 0                    |
 00                   |
 000                  |
 0000                 |
 00000                |
 000000               |
 0000000              |
 00000000             |
 000000000            |
 000000   0           |
 000000   00          |
 000000   000         |
 000000      0        |
 000000      00       |
 000000      000      |
 000000      0000     |
 000000          0    |
 000000          00   |
 000000          000  |
 000000          0000 |
----------------------

TREE_AWAKE
  1

BODY_AWAKE
  -1 1 1 1 1 1 1 1 1 1 1 1 1 1 1 1

BODY_AWAKE_IND
  0 1 2 3 4 5 6 7 8 9 10 11 12 13 14 15

PARENT_AWAKE_IND
  1 2 3 4 5 6 7 8 9 10 11 12 13 14 15

DOF_AWAKE_IND
  0 1 2 3 4 5 6 7 8 9 10 11 12 13 14 15 16 17 18 19

CONTACT
  0:
     dim           1
     geoms         floor : base_Link_del_geom
     exclude       0
     efc_address   14
     solref         0.02      1       
     solimp         0.9       0.95      0.001     0.5       2       
     dist          -0.00018 
     includemargin  0       
     pos           -4.1      -2.6      -8.9e-05 
     frame          0         0         1         0         1         0        -1         0         0       
     friction       1e-05     1e-05     1e-05     1e-05     1e-05   
     mu             0       
     force          87        0         0         0         0         0       
  1:
     dim           1
     geoms         floor : base_Link_del_geom
     exclude       0
     efc_address   15
     solref         0.02      1       
     solimp         0.9       0.95      0.001     0.5       2       
     dist          -0.00016 
     includemargin  0       
     pos           -4        -2.5      -8.1e-05 
     frame          0         0         1         0         1         0        -1         0         0       
     friction       1e-05     1e-05     1e-05     1e-05     1e-05   
     mu             0       
     force          53        0         0         0         0         0       
  2:
     dim           1
     geoms         floor : base_Link_del_geom
     exclude       0
     efc_address   16
     solref         0.02      1       
     solimp         0.9       0.95      0.001     0.5       2       
     dist          -5.7e-05 
     includemargin  0       
     pos           -3.9      -2.8      -2.9e-05 
     frame          0         0         1         0         1         0        -1         0         0       
     friction       1e-05     1e-05     1e-05     1e-05     1e-05   
     mu             0       
     force          7.6       0         0         0         0         0       
  3:
     dim           3
     geoms         floor : 8
     exclude       0
     efc_address   17
     solref         0.02      1       
     solimp         0.9       0.95      0.001     0.5       2       
     dist          -0.00034 
     includemargin  0       
     pos           -4.2      -2.2      -0.00017 
     frame          0         0         1         0         1         0        -1         0         0       
     friction       2         2         0.02      0.0005    0.0005  
     mu             2       
     force          3.1       2.4      -1.7       0         0         0       
  4:
     dim           3
     geoms         floor : 8
     exclude       0
     efc_address   21
     solref         0.02      1       
     solimp         0.9       0.95      0.001     0.5       2       
     dist          -0.00033 
     includemargin  0       
     pos           -4.2      -2.2      -0.00017 
     frame          0         0         1         0         1         0        -1         0         0       
     friction       2         2         0.02      0.0005    0.0005  
     mu             2       
     force          3         2.3      -1.7       0         0         0       
  5:
     dim           3
     geoms         floor : 8
     exclude       0
     efc_address   25
     solref         0.02      1       
     solimp         0.9       0.95      0.001     0.5       2       
     dist          -7.9e-05 
     includemargin  0       
     pos           -4.2      -2.2      -3.9e-05 
     frame          0         0         1         0         1         0        -1         0         0       
     friction       2         2         0.02      0.0005    0.0005  
     mu             2       
     force          2.4       2        -1.5       0         0         0       
  6:
     dim           3
     geoms         floor : 8
     exclude       0
     efc_address   29
     solref         0.02      1       
     solimp         0.9       0.95      0.001     0.5       2       
     dist          -8.6e-05 
     includemargin  0       
     pos           -4.2      -2.2      -4.3e-05 
     frame          0         0         1         0         1         0        -1         0         0       
     friction       2         2         0.02      0.0005    0.0005  
     mu             2       
     force          2.4       2        -1.5       0         0         0       
  7:
     dim           3
     geoms         fly_ramp_1 : 8
     exclude       0
     efc_address   33
     solref         0.02      1       
     solimp         0.9       0.95      0.001     0.5       2       
     dist          -0.00026 
     includemargin  0       
     pos           -4.2      -2.2       0.0011  
     frame          0.29      0         0.96      0         1         0        -0.96      0         0.29    
     friction       2         2         0.02      0.0005    0.0005  
     mu             2       
     force          2.6       2.3      -0.5       0         0         0       

EFC_TYPE
  0
  0
  0
  0
  0
  0
  0
  0
  0
  0
  0
  0
  3
  3
  5
  5
  5
  6
  6
  6
  6
  6
  6
  6
  6
  6
  6
  6
  6
  6
  6
  6
  6
  6
  6
  6
  6

EFC_ID
  0
  0
  0
  1
  1
  1
  2
  2
  2
  3
  3
  3
  2
  5
  0
  1
  2
  3
  3
  3
  3
  4
  4
  4
  4
  5
  5
  5
  5
  6
  6
  6
  6
  7
  7
  7
  7

EFC_J
   0         0         0        -0.00091  -7.9e-07  -0.0082    0         0         0         0.053     0         0         0         0         0         0        -0.053    -0.077    -0.02      0       
   0         0         0         0.00063   5.4e-07   0.0056    0         0         0        -0.036     0         0         0         0         0         0         0.036     0.053     0.014     0       
   0         0         0        -0.0099   -2.2e-06   0.0011    0         0         0         0.069     0         0         0         0         0         0        -0.069     0.021     0.11      0       
   0         0         0        -0.00092   3.9e-06  -0.0082    0         0         0         0.095    -0.0037    0         0         0         0         0        -0.095    -0.12     -0.062    -0.045   
   0         0         0         0.00063  -2.7e-06   0.0056    0         0         0        -0.065     0.0026    0         0         0         0         0         0.065     0.081     0.042     0.031   
   0         0         0        -0.0099    3.8e-06   0.0011    0         0         0         0.065    -0.063     0         0         0         0         0        -0.065     0.025     0.11     -0.059   
   0         0         0         0.00091  -7.7e-07   0.0082    0.019     0         0         0         0         0        -0.019    -0.075    -0.061     0         0         0         0         0       
   0         0         0        -0.00063   5.2e-07  -0.0056   -0.013     0         0         0         0         0         0.013     0.051     0.042     0         0         0         0         0       
   0         0         0         0.0099    1.7e-07  -0.0011    0.092     0         0         0         0         0        -0.092    -0.026     0.085     0         0         0         0         0       
   0         0         0         0.00091  -1.5e-07   0.0082    0.056     0.022     0         0         0         0        -0.056    -0.11     -0.099    -0.016     0         0         0         0       
   0         0         0        -0.00063   1e-07    -0.0056   -0.039    -0.015     0         0         0         0         0.039     0.077     0.067     0.011     0         0         0         0       
   0         0         0         0.0099    2.5e-06  -0.0011    0.11     -0.057     0         0         0         0        -0.11     -0.047     0.064    -0.078     0         0         0         0       
   0         0         0         0         0         0         0        -1         0         0         0         0         0         0         0         0         0         0         0         0       
   0         0         0         0         0         0         0         0         0         0         1         0         0         0         0         0         0         0         0         0       
   0         0         1         0.082     0.023    -0.0092    0         0         0         0         0         0         0         0         0         0         0         0         0         0       
   0         0         1        -0.1       0.025     0.011     0         0         0         0         0         0         0         0         0         0         0         0         0         0       
   0         0         1         0.13      0.26     -0.015     0         0         0         0         0         0         0         0         0         0         0         0         0         0       
   0         2         1        -0.35     -0.39     -0.25      0.5       0.38      0.071     0         0         0         0         0         0         0         0         0         0         0       
   0        -2         1        -0.086    -0.25      0.3       0.17     -0.052    -0.064     0         0         0         0         0         0         0         0         0         0         0       
  -2         0         1        -0.069    -0.43      0.74      0.58      0.48      0.1       0         0         0         0         0         0         0         0         0         0         0       
   2         0         1        -0.37     -0.22     -0.69      0.087    -0.15     -0.095     0         0         0         0         0         0         0         0         0         0         0       
   0         2         1        -0.36     -0.39     -0.24      0.5       0.38      0.071     0         0         0         0         0         0         0         0         0         0         0       
   0        -2         1        -0.096    -0.25      0.29      0.17     -0.052    -0.064     0         0         0         0         0         0         0         0         0         0         0       
  -2         0         1        -0.076    -0.43      0.76      0.58      0.48      0.1       0         0         0         0         0         0         0         0         0         0         0       
   2         0         1        -0.38     -0.22     -0.71      0.087    -0.15     -0.095     0         0         0         0         0         0         0         0         0         0         0       
   0         2         1        -0.36     -0.38     -0.22      0.49      0.37      0.061     0         0         0         0         0         0         0         0         0         0         0       
   0        -2         1        -0.098    -0.24      0.27      0.16     -0.061    -0.074     0         0         0         0         0         0         0         0         0         0         0       
  -2         0         1        -0.077    -0.42      0.75      0.57      0.47      0.092     0         0         0         0         0         0         0         0         0         0         0       
   2         0         1        -0.38     -0.21     -0.7       0.078    -0.16     -0.1       0         0         0         0         0         0         0         0         0         0         0       
   0         2         1        -0.35     -0.38     -0.23      0.49      0.37      0.061     0         0         0         0         0         0         0         0         0         0         0       
   0        -2         1        -0.088    -0.24      0.28      0.16     -0.061    -0.074     0         0         0         0         0         0         0         0         0         0         0       
  -2         0         1        -0.07     -0.42      0.73      0.57      0.47      0.092     0         0         0         0         0         0         0         0         0         0         0       
   2         0         1        -0.37     -0.21     -0.68      0.078    -0.16     -0.1       0         0         0         0         0         0         0         0         0         0         0       
   0.29      2         0.96     -0.37     -0.37     -0.37      0.46      0.33      0.064     0         0         0         0         0         0         0         0         0         0         0       
   0.29     -2         0.96     -0.099    -0.24      0.21      0.13     -0.094    -0.068     0         0         0         0         0         0         0         0         0         0         0       
  -1.6       0         1.5      -0.22     -0.6       0.63      0.73      0.52      0.098     0         0         0         0         0         0         0         0         0         0         0       
   2.2       0         0.37     -0.25     -0.012    -0.79     -0.14     -0.28     -0.1       0         0         0         0         0         0         0         0         0         0         0       

IEFC_J
   0         0         0        -0.00091  -7.9e-07  -0.0082    0         0         0         0.053     0         0         0         0         0         0        -0.053    -0.077    -0.02      0       
   0         0         0         0.00063   5.4e-07   0.0056    0         0         0        -0.036     0         0         0         0         0         0         0.036     0.053     0.014     0       
   0         0         0        -0.0099   -2.2e-06   0.0011    0         0         0         0.069     0         0         0         0         0         0        -0.069     0.021     0.11      0       
   0         0         0        -0.00092   3.9e-06  -0.0082    0         0         0         0.095    -0.0037    0         0         0         0         0        -0.095    -0.12     -0.062    -0.045   
   0         0         0         0.00063  -2.7e-06   0.0056    0         0         0        -0.065     0.0026    0         0         0         0         0         0.065     0.081     0.042     0.031   
   0         0         0        -0.0099    3.8e-06   0.0011    0         0         0         0.065    -0.063     0         0         0         0         0        -0.065     0.025     0.11     -0.059   
   0         0         0         0.00091  -7.7e-07   0.0082    0.019     0         0         0         0         0        -0.019    -0.075    -0.061     0         0         0         0         0       
   0         0         0        -0.00063   5.2e-07  -0.0056   -0.013     0         0         0         0         0         0.013     0.051     0.042     0         0         0         0         0       
   0         0         0         0.0099    1.7e-07  -0.0011    0.092     0         0         0         0         0        -0.092    -0.026     0.085     0         0         0         0         0       
   0         0         0         0.00091  -1.5e-07   0.0082    0.056     0.022     0         0         0         0        -0.056    -0.11     -0.099    -0.016     0         0         0         0       
   0         0         0        -0.00063   1e-07    -0.0056   -0.039    -0.015     0         0         0         0         0.039     0.077     0.067     0.011     0         0         0         0       
   0         0         0         0.0099    2.5e-06  -0.0011    0.11     -0.057     0         0         0         0        -0.11     -0.047     0.064    -0.078     0         0         0         0       
   0         0         0         0         0         0         0        -1         0         0         0         0         0         0         0         0         0         0         0         0       
   0         0         0         0         0         0         0         0         0         0         1         0         0         0         0         0         0         0         0         0       
   0         0         1         0.082     0.023    -0.0092    0         0         0         0         0         0         0         0         0         0         0         0         0         0       
   0         0         1        -0.1       0.025     0.011     0         0         0         0         0         0         0         0         0         0         0         0         0         0       
   0         0         1         0.13      0.26     -0.015     0         0         0         0         0         0         0         0         0         0         0         0         0         0       
   0         2         1        -0.35     -0.39     -0.25      0.5       0.38      0.071     0         0         0         0         0         0         0         0         0         0         0       
   0        -2         1        -0.086    -0.25      0.3       0.17     -0.052    -0.064     0         0         0         0         0         0         0         0         0         0         0       
  -2         0         1        -0.069    -0.43      0.74      0.58      0.48      0.1       0         0         0         0         0         0         0         0         0         0         0       
   2         0         1        -0.37     -0.22     -0.69      0.087    -0.15     -0.095     0         0         0         0         0         0         0         0         0         0         0       
   0         2         1        -0.36     -0.39     -0.24      0.5       0.38      0.071     0         0         0         0         0         0         0         0         0         0         0       
   0        -2         1        -0.096    -0.25      0.29      0.17     -0.052    -0.064     0         0         0         0         0         0         0         0         0         0         0       
  -2         0         1        -0.076    -0.43      0.76      0.58      0.48      0.1       0         0         0         0         0         0         0         0         0         0         0       
   2         0         1        -0.38     -0.22     -0.71      0.087    -0.15     -0.095     0         0         0         0         0         0         0         0         0         0         0       
   0         2         1        -0.36     -0.38     -0.22      0.49      0.37      0.061     0         0         0         0         0         0         0         0         0         0         0       
   0        -2         1        -0.098    -0.24      0.27      0.16     -0.061    -0.074     0         0         0         0         0         0         0         0         0         0         0       
  -2         0         1        -0.077    -0.42      0.75      0.57      0.47      0.092     0         0         0         0         0         0         0         0         0         0         0       
   2         0         1        -0.38     -0.21     -0.7       0.078    -0.16     -0.1       0         0         0         0         0         0         0         0         0         0         0       
   0         2         1        -0.35     -0.38     -0.23      0.49      0.37      0.061     0         0         0         0         0         0         0         0         0         0         0       
   0        -2         1        -0.088    -0.24      0.28      0.16     -0.061    -0.074     0         0         0         0         0         0         0         0         0         0         0       
  -2         0         1        -0.07     -0.42      0.73      0.57      0.47      0.092     0         0         0         0         0         0         0         0         0         0         0       
   2         0         1        -0.37     -0.21     -0.68      0.078    -0.16     -0.1       0         0         0         0         0         0         0         0         0         0         0       
   0.29      2         0.96     -0.37     -0.37     -0.37      0.46      0.33      0.064     0         0         0         0         0         0         0         0         0         0         0       
   0.29     -2         0.96     -0.099    -0.24      0.21      0.13     -0.094    -0.068     0         0         0         0         0         0         0         0         0         0         0       
  -1.6       0         1.5      -0.22     -0.6       0.63      0.73      0.52      0.098     0         0         0         0         0         0         0         0         0         0         0       
   2.2       0         0.37     -0.25     -0.012    -0.79     -0.14     -0.28     -0.1       0         0         0         0         0         0         0         0         0         0         0       

EFC_POS
   0.0056  
   0.0083  
   9e-06   
   0.0056  
   0.0083  
   3.3e-06 
  -0.0056  
  -0.0083  
  -7.1e-06 
  -0.0056  
  -0.0083  
  -7.9e-06 
  -0.01    
  -0.0021  
  -0.00018 
  -0.00016 
  -5.7e-05 
  -0.00034 
  -0.00034 
  -0.00034 
  -0.00034 
  -0.00033 
  -0.00033 
  -0.00033 
  -0.00033 
  -7.9e-05 
  -7.9e-05 
  -7.9e-05 
  -7.9e-05 
  -8.6e-05 
  -8.6e-05 
  -8.6e-05 
  -8.6e-05 
  -0.00026 
  -0.00026 
  -0.00026 
  -0.00026 

EFC_MARGIN
   0       
   0       
   0       
   0       
   0       
   0       
   0       
   0       
   0       
   0       
   0       
   0       
   0       
   0       
   0       
   0       
   0       
   0       
   0       
   0       
   0       
   0       
   0       
   0       
   0       
   0       
   0       
   0       
   0       
   0       
   0       
   0       
   0       
   0       
   0       
   0       
   0       

EFC_FRICTIONLOSS
   0       
   0       
   0       
   0       
   0       
   0       
   0       
   0       
   0       
   0       
   0       
   0       
   0       
   0       
   0       
   0       
   0       
   0       
   0       
   0       
   0       
   0       
   0       
   0       
   0       
   0       
   0       
   0       
   0       
   0       
   0       
   0       
   0       
   0       
   0       
   0       
   0       

EFC_DIAGA
   6.9     
   6.9     
   6.9     
   30      
   30      
   30      
   6.9     
   6.9     
   6.9     
   30      
   30      
   30      
   76      
   76      
   0.058   
   0.058   
   0.058   
   37      
   37      
   37      
   37      
   37      
   37      
   37      
   37      
   37      
   37      
   37      
   37      
   37      
   37      
   37      
   37      
   37      
   37      
   37      
   37      

EFC_KBIP
   2.6e+05   1e+03     0.99      0       
   2.6e+05   1e+03     0.99      0       
   2.6e+05   1e+03     0.99      0       
   2.6e+05   1e+03     0.99      0       
   2.6e+05   1e+03     0.99      0       
   2.6e+05   1e+03     0.99      0       
   2.6e+05   1e+03     0.99      0       
   2.6e+05   1e+03     0.99      0       
   2.6e+05   1e+03     0.99      0       
   2.6e+05   1e+03     0.99      0       
   2.6e+05   1e+03     0.99      0       
   2.6e+05   1e+03     0.99      0       
   2.8e+03   1.1e+02   0.95      0       
   2.8e+03   1.1e+02   0.95      0       
   2.8e+03   1.1e+02   0.9      -36      
   2.8e+03   1.1e+02   0.9      -32      
   2.8e+03   1.1e+02   0.9      -11      
   2.8e+03   1.1e+02   0.91     -68      
   2.8e+03   1.1e+02   0.91     -68      
   2.8e+03   1.1e+02   0.91     -68      
   2.8e+03   1.1e+02   0.91     -68      
   2.8e+03   1.1e+02   0.91     -66      
   2.8e+03   1.1e+02   0.91     -66      
   2.8e+03   1.1e+02   0.91     -66      
   2.8e+03   1.1e+02   0.91     -66      
   2.8e+03   1.1e+02   0.9      -16      
   2.8e+03   1.1e+02   0.9      -16      
   2.8e+03   1.1e+02   0.9      -16      
   2.8e+03   1.1e+02   0.9      -16      
   2.8e+03   1.1e+02   0.9      -17      
   2.8e+03   1.1e+02   0.9      -17      
   2.8e+03   1.1e+02   0.9      -17      
   2.8e+03   1.1e+02   0.9      -17      
   2.8e+03   1.1e+02   0.91     -53      
   2.8e+03   1.1e+02   0.91     -53      
   2.8e+03   1.1e+02   0.91     -53      
   2.8e+03   1.1e+02   0.91     -53      

EFC_D
   14      
   14      
   14      
   3.3     
   3.3     
   3.3     
   14      
   14      
   14      
   3.3     
   3.3     
   3.3     
   0.25    
   0.25    
   1.6e+02 
   1.6e+02 
   1.5e+02 
   0.28    
   0.28    
   0.28    
   0.28    
   0.28    
   0.28    
   0.28    
   0.28    
   0.24    
   0.24    
   0.24    
   0.24    
   0.24    
   0.24    
   0.24    
   0.24    
   0.26    
   0.26    
   0.26    
   0.26    

EFC_R
   0.07    
   0.07    
   0.07    
   0.3     
   0.3     
   0.3     
   0.07    
   0.07    
   0.07    
   0.3     
   0.3     
   0.3     
   4       
   4       
   0.0063  
   0.0063  
   0.0065  
   3.6     
   3.6     
   3.6     
   3.6     
   3.6     
   3.6     
   3.6     
   3.6     
   4.1     
   4.1     
   4.1     
   4.1     
   4.1     
   4.1     
   4.1     
   4.1     
   3.8     
   3.8     
   3.8     
   3.8     

TEN_VELOCITY
  -0.049   
   5.2e-05 

ACTUATOR_VELOCITY
  -0.76    
   1.4     
   1.3e+03 
   0.0097  
   0.0015  
   0.05    
   0.81    
   0.0097  
  -0.049   
   5.2e-05 

CVEL
   0         0         0         0         0         0       
   5.2e-05  -0.017    -0.03     -0.011    -0.0081   -0.0011  
   0.0055   -0.0091   -0.03     -0.011    -0.008    -0.0011  
   0.0064   -0.0078   -0.03     -0.011    -0.008    -0.0013  
   0.035     0.034    -0.03     -0.007    -0.011    -0.018   
   0.43      0.61     -0.03     -0.011    -0.0076   -0.0033  
  -0.35     -0.52     -0.031    -0.15      0.085    -0.18    
  -7.2e+02  -1.1e+03  -1.1      -84        58       -4.2e+02 
   0.0055   -0.0091   -0.03     -0.011    -0.008    -0.0011  
   0.005    -0.0099   -0.03     -0.011    -0.008    -0.001   
   0.0045   -0.011    -0.03     -0.011    -0.008    -0.00088 
   0.0044   -0.011    -0.03     -0.011    -0.008    -0.00087 
  -0.45     -0.68     -0.031    -0.0099   -0.0085    0.0014  
   0.34      0.48     -0.03     -0.045     0.015     0.12    
  -0.37     -0.55     -0.031    -0.085     0.043    -0.096   
   0.42      0.6      -0.03     -0.017    -0.0034   -0.092   

CDOF_DOT
   0         0         0         0         0         0       
   0         0         0         0         0         0       
   0         0         0         0         0         0       
   0        -0         0        -0.00017   0.002    -0.011   
   0         0         0        -0.001     0.00068   0.003   
   0         0        -0        -0.0078    0.0087    0.0013  
   0.025    -0.017     0.0097    0.00093  -0.00056  -0.0042  
   0.025    -0.017     0.0097    0.0032    0.0014   -0.0044  
   0.025    -0.017     0.0097    0.0022   -0.00085  -0.004   
  -0.025     0.017    -0.0097   -0.00093   0.00056   0.0042  
  -0.025     0.017    -0.0097   -0.077     0.059     0.094   
  -0.025     0.017    -0.0097    0.029    -0.013     0.12    
   0.025    -0.017     0.0097    0.00093  -0.00056  -0.0042  
   0.025    -0.017     0.0097    0.00036  -0.0019   -0.0039  
   0.025    -0.017     0.0097    0.0018   -0.00093  -0.004   
   0.025    -0.017     0.0097    0.002     0.00094  -0.0046  
  -0.025     0.017    -0.0097   -0.00093   0.00056   0.0042  
  -0.025     0.017    -0.0097    0.06     -0.041     0.028   
  -0.025     0.017    -0.0097    0.018    -0.009     0.069   
  -0.025     0.017    -0.0097   -0.077     0.055     0.055   

QFRC_BIAS
   6.9     
  -4.9     
   3.4e+02 
   35      
   55      
  -2       
   2.9     
   0.93    
  -0.00092 
   55      
   32      
  -6.7e-05 
   0.14    
   0.05    
  -0.057   
   0.0042  
   0.094   
   0.014   
  -0.073   
   0.0032  

QFRC_SPRING
   0       
   0       
   0       
   0       
   0       
   0       
   0       
   0       
   0       
   0       
   0       
   0       
   0       
   0       
   0       
   0       
   0       
   0       
   0       
   0       

QFRC_DAMPER
   0       
   0       
   0       
   0       
   0       
   0       
   0       
   0       
   0       
   0       
   0       
   0       
   0       
   0       
   0       
   0       
   0       
   0       
   0       
   0       

QFRC_GRAVCOMP
   0       
   0       
   0       
   0       
   0       
   0       
   0       
   0       
   0       
   0       
   0       
   0       
   0       
   0       
   0       
   0       
   0       
   0       
   0       
   0       

QFRC_FLUID
   0       
   0       
   0       
   0       
   0       
   0       
   0       
   0       
   0       
   0       
   0       
   0       
   0       
   0       
   0       
   0       
   0       
   0       
   0       
   0       

QFRC_PASSIVE
   0       
   0       
   0       
   0       
   0       
   0       
   0       
   0       
   0       
   0       
   0       
   0       
   0       
   0       
   0       
   0       
   0       
   0       
   0       
   0       

EFC_VEL
   7.9e-05 
  -5.4e-05 
  -0.00022 
  -0.0006  
   0.00041 
   0.00081 
  -0.00013 
   9.1e-05 
  -0.00013 
  -3.1e-05 
   2.1e-05 
  -0.00016 
  -0.0015  
   1.4     
  -0.0017  
   9.9e-05 
   0.0011  
  -0.0014  
   0.0014  
   0.0012  
  -0.0012  
  -0.0016  
   0.0018  
   0.00084 
  -0.00066 
  -0.0026  
   0.0019  
   0.00071 
  -0.0014  
  -0.0024  
   0.0015  
   0.0011  
  -0.002   
  -0.00071 
   0.0014  
   0.0013  
  -0.0007  

EFC_AREF
  -1.4e+03 
  -2.1e+03 
  -2.1     
  -1.4e+03 
  -2.1e+03 
  -1.7     
   1.4e+03 
   2.1e+03 
   1.9     
   1.4e+03 
   2.1e+03 
   2.2     
   27      
  -1.4e+02 
   0.63    
   0.39    
   0.028   
   1       
   0.7     
   0.73    
   0.98    
   1       
   0.64    
   0.75    
   0.9     
   0.47    
   0.00014 
   0.12    
   0.35    
   0.46    
   0.06    
   0.1     
   0.42    
   0.74    
   0.52    
   0.52    
   0.74    

SUBTREE_LINVEL
   0         0         0       
   0         0         0       
   0         0         0       
   0         0         0       
   0         0         0       
   0         0         0       
   0         0         0       
   0         0         0       
   0         0         0       
   0         0         0       
   0         0         0       
   0         0         0       
   0         0         0       
   0         0         0       
   0         0         0       
   0         0         0       

SUBTREE_ANGMOM
   0         0         0       
   0         0         0       
   0         0         0       
   0         0         0       
   0         0         0       
   0         0         0       
   0         0         0       
   0         0         0       
   0         0         0       
   0         0         0       
   0         0         0       
   0         0         0       
   0         0         0       
   0         0         0       
   0         0         0       
   0         0         0       

ACTUATOR_FORCE
   1.7     
  -0.049   
   0       
  -1.9     
  -0.064   
   0       
   0       
   0       
   1.5e+02 
   1.5e+02 

QFRC_ACTUATOR
   0       
   0       
   0       
   2.7e-15 
  -1e-15   
   1e-15   
  -1.9     
   5.3     
   0       
   1.7     
  -5.4     
   0       
   0       
   0       
   0       
   0       
   0       
   0       
   0       
   0       

QFRC_SMOOTH
  -6.9     
   4.9     
  -3.4e+02 
  -35      
  -55      
   2       
  -4.8     
   4.3     
   0.00092 
  -53      
  -38      
   6.7e-05 
  -0.14    
  -0.05    
   0.057   
  -0.0042  
  -0.094   
  -0.014   
   0.073   
  -0.0032  

QACC_SMOOTH
  -0.91    
   3.2     
  -7.4     
  -23      
  -12      
  -36      
  -4.1e+02 
   8.1e+02 
  -4.1e+02 
   2.3e+02 
  -1.8e+03 
   1.5e+03 
   18      
  -1.2e+02 
   67      
   7       
  -39      
   1.5e+02 
  -76      
  -9.8     

EFC_B
   1.4e+03 
   2.1e+03 
   15      
   1.4e+03 
   2.1e+03 
   1.3e+02 
  -1.4e+03 
  -2.1e+03 
  -33      
  -1.4e+03 
  -2.1e+03 
  -88      
  -8.4e+02 
  -1.6e+03 
  -9.9     
  -6.2     
  -13      
   91      
  -1e+02   
   82      
  -95      
   91      
  -1e+02   
   81      
  -94      
   91      
  -1e+02   
   82      
  -94      
   91      
  -1e+02   
   83      
  -95      
   80      
  -1.2e+02 
   62      
  -1e+02   

EFC_FORCE
  -2e+04   
  -3e+04   
  -13      
  -4.7e+03 
  -6.9e+03 
  -17      
   2e+04   
   3e+04   
   28      
   4.7e+03 
   6.9e+03 
   7       
   6.7     
   12      
   87      
   53      
   7.6     
   1.4     
   0.18    
   0.35    
   1.2     
   1.3     
   0.18    
   0.33    
   1.2     
   1.1     
   0.086   
   0.21    
   0.97    
   1.1     
   0.087   
   0.23    
   0.97    
   1.2     
   0.061   
   0.52    
   0.77    

EFC_STATE
  1
  1
  1
  1
  1
  1
  1
  1
  1
  1
  1
  1
  1
  1
  1
  1
  1
  0
  1
  0
  1
  0
  1
  0
  1
  0
  1
  0
  1
  0
  1
  0
  1
  0
  1
  0
  1

QFRC_CONSTRAINT
   7.6     
   11      
   1.6e+02 
  -1.5     
   0.99    
  -4.1     
   4.2     
  -4.6     
   0.014   
   1       
   13      
   0       
   0.13    
   0.054   
  -0.049   
   0.004   
  -1       
  -0.48    
   0.058   
  -0.018   

QFRC_INVERSE
   0       
   0       
   0       
   0       
   0       
   0       
   0       
   0       
   0       
   0       
   0       
   0       
   0       
   0       
   0       
   0       
   0       
   0       
   0       
   0       

CACC
   0         0         0        -0        -0         9.8     
   0.17      0.47      5.7       2.3      -0.68      9.9     
  -3.7      -5.2       5.7       2.3      -0.68      9.9     
  -3.6      -5         5.7       2.3      -0.68      9.9     
   15        22        5.7       4.6      -2.3      -0.88    
   3e+02     4.4e+02   6.1       1.8      -0.35      8.3     
   4.1e+02   5.9e+02   6.3       20       -13        32      
  -34        19       -6.7       10        2.8      -55      
  -0.13      0.039     5.7       2.3      -0.68      9.9     
  -3.1      -4.4       5.7       2        -0.48      10      
  -0.24     -0.12      5.7       2.2      -0.62      9.3     
  -1.7      -2.2       5.7       2.3      -0.69      9.4     
   3e+02     4.4e+02   6.1       1.8      -0.35      8.3     
   3.1e+02   4.5e+02   6.1       1.5      -0.14      9.1     
   3.1e+02   4.6e+02   6.1       1.8      -0.37      11      
   2.4e+02   3.6e+02   6        -4         3.6       10      

CFRC_INT
   4.5e-13  -4.5e-13  -9.1e-13   3.6e-12  -7.3e-12   8.9e-14 
   4.5e-13  -4.5e-13  -9.1e-13   3.6e-12  -7.3e-12   8.9e-14 
   1.2e+03  -8.2e+02   4.4e+03  -2.5e+04  -3.7e+04  -31      
   4.8e+02  -3.3e+02   9.7e+02  -4.7e+03  -6.9e+03  -14      
  -5.2      -0.29      4.6      -7.4      -12       -9.4     
   2.7e+03  -1.8e+03   2.9e+03   2.5e+04   3.7e+04   31      
   7.8e+02  -5.4e+02   5.1e+02   4.7e+03   6.9e+03   38      
  -19       -7.4      -1.2      -5.2       5         54      
  -1.2e+03   8.2e+02  -4.4e+03   2.5e+04   3.7e+04   37      
  -1.2e+03   8.2e+02  -4.4e+03   2.5e+04   3.7e+04   36      
  -1.2e+03   8.2e+02  -4.4e+03   2.5e+04   3.7e+04   36      
  -4.8e+02   3.3e+02  -9.6e+02   4.7e+03   6.9e+03   7.1     
  -2.7e+03   1.8e+03  -2.9e+03  -2.5e+04  -3.7e+04  -33      
  -2.7e+03   1.8e+03  -2.9e+03  -2.5e+04  -3.7e+04  -35      
  -2.7e+03   1.8e+03  -2.9e+03  -2.5e+04  -3.7e+04  -33      
  -7.8e+02   5.4e+02  -5.2e+02  -4.7e+03  -6.9e+03  -17      

CFRC_EXT
   0         0         0         0         0         0       
  -4.2      -1.2       0         0         0         1.5e+02 
  -7.1e+02   4.9e+02  -3.4e+03   2e+04     3e+04     28      
  -4.8e+02   3.3e+02  -9.6e+02   4.7e+03   6.9e+03   7       
   6.6       0.84     -4.5       7.6       11        13      
  -1.9e+03   1.3e+03  -2.4e+03  -2e+04    -3e+04    -13      
  -7.8e+02   5.4e+02  -5.2e+02  -4.7e+03  -6.9e+03  -17      
   0         0         0         0         0         0       
   0         0         0         0         0         0       
   0         0         0         0         0         0       
   7.1e+02  -4.9e+02   3.4e+03  -2e+04    -3e+04    -28      
   4.8e+02  -3.3e+02   9.6e+02  -4.7e+03  -6.9e+03  -7       
   0         0         0         0         0         0       
   0         0         0         0         0         0       
   1.9e+03  -1.3e+03   2.4e+03   2e+04     3e+04     13      
   7.8e+02  -5.4e+02   5.2e+02   4.7e+03   6.9e+03   17      

TREE_ISLAND
  0

ISLAND_NTREE
  1

ISLAND_ITREEADR
  0

MAP_ITREE2TREE
  0

DOF_ISLAND            0 0 0 0 0 0 0 0 0 0 0 0 0 0 0 0 0 0 0 0

ISLAND_NV             20

ISLAND_IDOFADR        0

MAP_IDOF2DOF          0 1 2 3 4 5 6 7 8 9 10 11 12 13 14 15 16 17 18 19

EFC_ISLAND            0 0 0 0 0 0 0 0 0 0 0 0 0 0 0 0 0 0 0 0 0 0 0 0 0 0 0 0 0 0 0 0 0 0 0 0 0

ISLAND_NEFC           37

ISLAND_IEFCADR        0

MAP_IEFC2EFC          0 1 2 3 4 5 6 7 8 9 10 11 12 13 14 15 16 17 18 19 20 21 22 23 24 25 26 27 28 29 30 31 32 33 34 35 36

TENDON_EFCADR         -1 -1

